-10.6875 -3.975 -0.827329 0.802934 0.668098 1.78356 -3.10172 0.745605 8
1.4625 -18.9187 -1.32844 2.17356 0.835225 1.69691 -3.09 0.73584 6
-0.112498 -10.125 -1.26534 4.53452 1.90323 1.52482 3.12439 0.734863 0
-19.7062 -18.1125 -0.360284 4.77073 1.9723 1.72447 2.90543 0.711914 0
-11.625 -36.8906 -1.32458 5.12325 2.14719 2.11597 2.87523 0.711426 0
11.85 17.5125 -0.688691 4.68303 1.95122 1.65033 1.32617 0.703125 0
-9.8625 -4.6125 -0.929951 0.740782 0.62854 1.77921 2.97034 0.683594 8
5.175 -10.275 -1.06424 0.850141 0.697431 1.75934 0.0217223 0.683105 8
-3.8625 31.125 -0.5438 0.735017 0.69641 1.80635 -1.81134 0.629883 8
-9.2625 -4.425 -0.910432 0.690148 0.642817 1.75849 2.82883 0.459473 8
-24.7312 -19.3687 -0.33188 4.4079 1.89396 1.66571 2.91678 0.457031 0
-22.2187 -18.8062 -0.364146 4.50803 1.92191 1.68288 2.87772 0.438477 0
-21.675 -1.9875 -0.387735 0.800585 0.679946 1.83211 1.23087 0.405029 8
-20.925 -39.9094 -0.850923 4.51684 1.94172 1.65033 2.81946 0.311035 0
17.0625 34.05 -0.60326 0.451176 2.06493 1.05466 -0.136096 0.29541 5
18.7125 34.275 -0.600261 0.453827 2.04786 1.04244 -0.0643471 0.278564 5
-5.2875 -28.575 -1.43694 0.721857 0.646279 1.76451 -0.159172 0.262207 8
15.15 -17.9812 -0.775805 0.69624 0.653897 1.81431 -0.0699326 0.232788 8
-23.2875 -40.1156 -0.77261 4.50363 1.92379 1.65679 2.89661 0.221558 0
16.0125 35.1 -0.611099 0.45427 2.07605 1.0469 1.48858 0.215576 5
-16.3687 -38.1469 -0.893915 4.84113 2.0359 1.73461 2.81806 0.212646 0
-25.9687 -40.7062 -0.748939 4.42083 1.90323 1.68782 2.95034 0.159058 0
-28.3875 -21.4312 -0.36158 4.49923 1.96941 1.68947 2.83995 0.138428 0
